Шелли
1.
1.
3.
1.
2.
1.
2.
1.
Кольт
1.
1.
3.
1.
1.
2.
2.
1.
Нита
1.
1.
3.
2.
2.
1.
2.
1.
Булл
1.
1.
3.
2.
1.
1.
2.
1.
Джесси
1.
1.
3.
2.
2.
2.
2.
1.
Брок
1.
1.
3.
1.
1.
1.
2.
1.
Динамайк
1.
1.
4.
1.
1.
1.
2.
1.
Бо
1.
1.
3.
2.
1.
1.
1.
1.
Тик
1.
2.
3.
1.
1.
1.
1.
1.
8-бит
1.
2.
1.
1.
1.
2.
2.
2.
Эмз
1.
1.
3.
1.
2.
1.
1.
1.
СТУ
1.
2.
3.
2.
1.
2.
1.
1.
Эль Примо
2.
1.
4.
1.
1.
1.
2.
1.
Барли
2.
2.
3.
1.
1.
1.
2.
1.
Роза
2.
1.
4.
2.
2.
1.
2.
2.
Поко
2.
1.
3.
2.
1.
1.
2.
1.
Пенни
3.
1.
3.
2.
2.
1.
2.
1.
Джеки
3.
1.
4.
2.
2.
1.
2.
2.
Рико
3.
2.
3.
1.
1.
2.
2.
1.
Дэррил
3.
2.
4.
1.
1.
1.
2.
1.
Карл
3.
2.
3.
1.
1.
1.
2.
1.
Пайпер
4.
1.
3.
1.
2.
1.
2.
1.
Беа
4.
1.
3.
2.
2.
1.
1.
1.
Фрэнк
4.
1.
4.
1.
1.
1.
2.
1.
Гром
4.
1.
3.
1.
1.
1.
2.
1.
Нани
4.
2.
3.
1.
2.
2.
2.
1.
Эдгар
4.
1.
5.
1.
1.
1.
2.
1.
Гриф
4.
2.
3.
2.
1.
1.
2.
1.
Пэм
4.
1.
3.
1.
2.
2.
1.
2.
Биби
4.
1.
5.
2.
2.
1.
2.
1.
Скуик
5.
4.
3.
1.
1.
1.
2.
1.
Тара
5.
1.
3.
2.
2.
1.
2.
1.
Джин
5.
4.
3.
1.
1.
1.
2.
2.
Макс
5.
1.
5.
2.
2.
2.
2.
2.
Спраут
5.
2.
3.
2.
1.
1.
2.
2.
Байрон
5.
1.
3.
1.
1.
2.
2.
1.
Мистер П
5.
3.
3.
1.
1.
1.
2.
1.
Мортис
5.
1.
5.
1.
1.
1.
2.
1.
Сэнди
6.
1.
4.
2.
1.
1.
2.
1.
Ворон
6.
3.
5.
1.
1.
1.
2.
1.
Амбер
6.
1.
3.
1.
2.
1.
2.
1.
Леон
6.
1.
5.
2.
1.
1.
2.
2.
Мэг
6.
1.
4.
2.
2.
2.
1.
1.
Спайк
6.
4.
3.
2.
1.
2.
2.
1.
Колетт
7.
1.
3.
1.
2.
1.
2.
1.
Бэлль
7.
1.
3.
1.
2.
2.
2.
1.
Лу
7.
2.
3.
2.
1.
2.
1.
1.
Генерал Гавс
7.
2.
3.
1.
1.
2.
2.
1.
Базз
7.
3.
4.
2.
1.
1.
2.
2.
Эш
7.
2.
3.
2.
1.
1.
1.
1.
Фэнг
7.
1.
4.
2.
1.
2.
2.
1.
Джанет
7.
1.
3.
2.
2.
1.
2.
1.
Вольт
7.
2.
2.
1.
1.
1.
2.
1.
Гэйл
7.
1.
3.
2.
1.
1.
2.
1.
Ева
7.
3.
3.
2.
2.
2.
1.
1.
Лола
7.
1.
3.
2.
2.
2.
2.
1.
